x= [ -0.6368500590324402 , 0.8752249479293823 ]
y=[ -0.6782518625259399 , 0.4891704022884369 ]
z=[ 0.532451868057251 , 2.5475106239318848 ]

xx= [ 258.73883056640625 , 1822.421630859375 ]
yy=[ 101.5368423461914 , 1182.28759765625 ]
